GLCJ_length <- c(2170, 1390, 1790, 1280, 2970, 4550, 1670, 3860, 2710, 2820, 3360, 2220, 2190, 3700, 1290, 2240, 2680, 1330, 1840, 1540, 3230, 1360, 2120, 1450, 1060, 4470, 1270, 1710, 1520, 1480, 1770, 3030, 2030, 1090, 2350, 1180, 2640, 1640, 2620, 5250, 1280)
