GSOI_length <- c(2550, 2310, 2580, 2830, 2000, 1450, 1380, 1270, 1660, 2470, 1191, 1510)
