GVGJ_length <- c(1460, 2460, 2200, 1570, 2070, 3480, 2710, 2670, 1760, 2230, 2110, 1720, 2090, 1170, 2820, 2970, 3850, 3150, 3360, 2320, 1780, 2461, 3740, 2820, 3380, 1600, 1320, 1420, 1900, 3020, 1490, 2190, 1160, 1270, 2090, 3560, 1820, 1650, 1370, 2400, 1650, 1860, 2070, 2520, 2090, 1890, 2610, 1410, 1440, 1930, 2010, 2350, 2370, 2100, 1800, 2510, 1420, 2970, 2960, 1730, 1610, 1130, 1950, 2700, 2310, 1540, 2890, 1840, 10860, 3790, 2240, 2580, 1190, 1460, 1590, 5090, 1850)
